loss = [1.0284320674836636, 0.9912813864648342, 0.9739295886829495, 0.9605032010003924, 0.9522645939141512,
           0.9452528953552246, 0.9411001643165946, 0.93739989772439, 0.9334149630740285, 0.9309836914762855,
           0.9276801981031895, 0.9265295593068004, 0.9237293722108006, 0.922565751709044, 0.9213456967845559,
           0.9190606893971562, 0.9185364861041307, 0.9167043184861541, 0.9160375818610191, 0.9157637972384691,
           0.913782331161201, 0.9134872304275632, 0.9125354457646608, 0.9123916998505592, 0.9114557662978768,
           0.9105600453913212, 0.9102725340053439, 0.9092342872172594, 0.9081812230870128, 0.9081924892961979,
           0.9074510345235467, 0.9066462926566601, 0.9066363591700792, 0.9056456685066223, 0.905952351167798,
           0.9049227684736252, 0.9048265516757965, 0.9043009877204895, 0.9038882618770003, 0.9038126589730382,
           0.9033313551917672, 0.9022637559100986, 0.9023231267929077, 0.9013700522482395, 0.9014965668320656,
           0.9016211703419685, 0.9007699126377702, 0.9007565081119537, 0.9002707405015826, 0.9001878816634417,
           0.900006671436131, 0.8995298435911536, 0.898849306628108, 0.8993960041552782, 0.89839500002563,
           0.8975326018407941, 0.8984388951212168, 0.89684615470469, 0.8973170695826411, 0.8965571420267224,
           0.8969431146979332, 0.8968806322664022, 0.8964237505570054, 0.8964540855959058, 0.8959449902176857,
           0.8956227730959654, 0.8952730465680361, 0.8953274125233293, 0.8947236090898514, 0.8948106877505779,
           0.894690690562129, 0.8943752646446228, 0.8943522395566106, 0.8936393624171615, 0.8940518880262971,
           0.8942424738779664, 0.8928659968078136, 0.8931983206421137, 0.8933611726388335, 0.8930495539680123,
           0.8929245173931122, 0.8926589488983154, 0.8921394152566791, 0.8921733386814594, 0.8929578866809607,
           0.8918790174648166, 0.8914240738376975, 0.8906629057601094, 0.891325849108398, 0.8916952842846513,
           0.8903360739350319, 0.8904608357697725, 0.8899484965950251, 0.890802956186235, 0.8903115754947066,
           0.8900958821177483, 0.8898682566359639, 0.8906565271317959, 0.8897944688796997, 0.8894614335149527,
           0.8892399407923222, 0.8892593840137124, 0.8897463111206889, 0.8890665052458644, 0.8890631766989827,
           0.8883182788267732, 0.8887371541932225, 0.8886580429971218, 0.8880772134289145, 0.8884833408519626,
           0.8876594351604581, 0.887602498754859, 0.8877421775832772, 0.8873086096718907, 0.8874672297388315,
           0.8878473341464996, 0.8875520536676049, 0.8880464490503073, 0.8868362251669168, 0.8873817082494497,
           0.8870013887062669, 0.8869994478300214, 0.886764720082283, 0.8858841508626938, 0.8862063717097044,
           0.8864971287548542, 0.8864815784618258, 0.8866719817742705, 0.8863089755177498, 0.8860265640541911,
           0.8859015004709363, 0.8855575043708086, 0.8856249796226621, 0.8855058513581753, 0.8847885495051742,
           0.885403691790998, 0.8853128924965858, 0.8850549263879657, 0.885270799510181, 0.8846993129700422,
           0.8847172455862164, 0.8846693309023976, 0.8846863433718681, 0.884913045912981, 0.8840514859184623,
           0.8848615670576692, 0.883963767439127, 0.884564446285367, 0.8841286106035113, 0.8838628018274903,
           0.8841586541384459, 0.8831829531118274, 0.8834595307707787, 0.8837892385199666, 0.8839536029845476,
           0.8836844302713871, 0.8831089306622744, 0.8837025063112378, 0.8835547510534525, 0.8834565924480557,
           0.8829583153128624, 0.8834150275215507, 0.883201708085835, 0.8830599831417203, 0.882957948371768,
           0.8826944641768932, 0.8829342648386955, 0.8825442641973495, 0.8829579930752516, 0.8823170755058527,
           0.8826729878783226, 0.8818094870075583, 0.8823414538055658, 0.8818029146641493, 0.8822088446468115,
           0.8822185983881354, 0.8818699540570378, 0.8820088505744934, 0.8815891873091459, 0.8816694235429168,
           0.8818029053509235, 0.8824434950947762, 0.8815067373216152, 0.8813302060589194, 0.8813939550891519,
           0.8821443878114223, 0.8810438802465796, 0.8803726593032479, 0.8817252013832331, 0.8813213398680091,
           0.8805424524471164, 0.8810320626944304, 0.8802761370316148, 0.8807750726118684, 0.8805119497701526,
           0.8804473513737321, 0.8810627004131675, 0.8804510040208697, 0.8807830847799778, 0.8804883593693376,
           0.8803343744948506, 0.8803425254300237, 0.8797031939029694, 0.8803579052910209, 0.8799738362431526,
           0.8799957446753979, 0.8798185139894485, 0.8797490317374468, 0.8794804532080889, 0.8791634682565928,
           0.8797411723062396, 0.8802333008497953, 0.8801361657679081, 0.8788195289671421, 0.8796501839533448,
           0.879685808904469, 0.879578604362905, 0.8789957221597433, 0.8791810553520918, 0.8789699990302324,
           0.8802427006885409, 0.8789174547418952, 0.8785077705979347, 0.8789211548864841, 0.8785758204758167,
           0.8782190335914493, 0.8786064404994249, 0.8781024646013975, 0.8784547355026007, 0.8783439947292209,
           0.8788380743935704, 0.8777856137603521, 0.8783447602763772, 0.8785493420436978, 0.8786899577826262,
           0.8781281895935535, 0.8787688510492444, 0.8783740988001227, 0.8787142420187593, 0.8781019942834973,
           0.878367654979229, 0.8781178593635559, 0.8775728074833751, 0.8784666294232011, 0.8774288343265653,
           0.8785386271774769, 0.8776858104392886, 0.8778008250519633, 0.8780295206233859, 0.878592798486352,
           0.8778099752962589, 0.8773543480783701, 0.8771742042154074, 0.8779465910047293, 0.8773756576701999,
           0.8771884627640247, 0.8771810010075569, 0.8766759233549237, 0.8771173981949687, 0.8771279947832227,
           0.8769980072975159, 0.8768848199397326, 0.8772217044606805, 0.8775875922292471, 0.876951084472239,
           0.8767205867916346, 0.8770446293056011, 0.8775190114974976, 0.877048647031188, 0.8771862192079425,
           0.8769119121134281, 0.8761792024597526, 0.8766328608617187, 0.8760687280446291, 0.8765106648206711,
           0.8766060350462794, 0.8760713879019022, 0.8755260920152068, 0.8762791845947504, 0.8764774426817894,
           0.8766055032610893, 0.8763294480741024, 0.8760158326476812, 0.8762137675657868, 0.87655159085989,
           0.876116051338613, 0.8755136840045452, 0.8757713502272964, 0.8760648053139448, 0.8753843056038022,
           0.8755661444738507, 0.8751273956149817, 0.8760101059451699, 0.8758367486298084, 0.8755559613928199,
           0.8755396557971835, 0.8762652929872274, 0.8759562512859702, 0.8760698847472668, 0.8748983116820455,
           0.8757213512435555, 0.8762925714254379, 0.8759778290987015, 0.8756021074950695, 0.8759725410491228,
           0.874779905192554, 0.8751024771481752, 0.875396179035306, 0.8751609046012163, 0.8747011218219995,
           0.8747795270755887, 0.8751337099820375, 0.8753925375640392, 0.875287938863039, 0.8748828396201134,
           0.8750413693487644, 0.8746198611333966, 0.8749190317466855, 0.8746650740504265, 0.8747142627835274,
           0.8746612286195159, 0.8747033467516303, 0.8744745515286922, 0.8745404994115233, 0.8744226545095444,
           0.8744555301964283, 0.8743910482153296, 0.87471376452595, 0.8745077261701226, 0.8741470957174897,
           0.8743225019425154, 0.8740987470373511, 0.8745826734229922, 0.8745589982718229, 0.8744736248627305,
           0.8742335708811879, 0.8741502556949854, 0.8747096378356218, 0.8740706974640489, 0.8742480622604489,
           0.8746517710387707, 0.873813939280808, 0.8735952703282237, 0.8737046774476767, 0.8737439261749387,
           0.8744803247973323, 0.874938334338367, 0.8743119761347771, 0.874262111261487, 0.8734132368117571,
           0.8740007523447275, 0.8739902498200536, 0.8734888099133968, 0.8739509033039212, 0.8744837585836649,
           0.8738116286695004, 0.8738425923511386, 0.8733756868168712, 0.8734360998496413, 0.8736986368894577,
           0.873408860526979, 0.8733253628015518, 0.8732886137440801, 0.874144097790122, 0.8735819440335035,
           0.8734574262052774, 0.8731462545692921, 0.8732683332636952, 0.8734308267012239, 0.8735351245850325,
           0.8742393534630537, 0.8737662732601166, 0.8733745673671365, 0.8735366361215711, 0.8730905596166849,
           0.8727497486397624, 0.8733581313863397, 0.8729423731565475, 0.8733178749680519, 0.8724885061383247,
           0.8727703345939517, 0.873380190692842, 0.8732034740969539, 0.8726372653618455, 0.8735297517850995,
           0.8726983116939664, 0.8729409379884601, 0.8727321270853281, 0.872799034230411, 0.8727581528946757,
           0.8738428009673953, 0.8734950423240662, 0.8732394706457853, 0.8729547942057252, 0.8727353913709521,
           0.8729833234101534, 0.8732367986813188, 0.8724731151014566, 0.8725407924503088, 0.8733574375510216,
           0.8726420039311051, 0.8728787740692496, 0.8725464073941112, 0.8727320535108447, 0.8725463235750794,
           0.872292060405016, 0.8730634422972798, 0.8729637451469898, 0.8724684789776802, 0.8726331498473883,
           0.8726526824757457, 0.8724475251510739, 0.8725756453350186, 0.8725017849355936, 0.872706008143723,
           0.8723456971347332, 0.872685301117599, 0.8720189658924937, 0.8724011396989226, 0.8715735143050551,
           0.8719667624682188, 0.8719036737456918, 0.8725645812228322, 0.8720977297052741, 0.8722784677520394,
           0.8718923516571522, 0.8716308139264584, 0.8722976623103023, 0.8722000429406762, 0.8723253570497036,
           0.8723142370581627, 0.871275532990694, 0.8719293214380741, 0.8720625527203083, 0.8718961300328374,
           0.8719818713143468, 0.871644476428628, 0.8717055320739746, 0.8720470182597637, 0.8718909919261932,
           0.8716074796393514, 0.8724873699247837, 0.8725347928702831, 0.8715936010703444, 0.8719165893271565,
           0.8721987586468458, 0.8716478114947677, 0.8714361945167184, 0.8714879024773836, 0.8717304179444909,
           0.871457876637578, 0.871862156316638, 0.8715429026633501, 0.8717070883139968, 0.8715312797576189,
           0.8718927772715688, 0.8710619052872062, 0.8712517907842994, 0.87195685505867, 0.8718187231570482,
           0.8710473561659455, 0.8713612193241715, 0.8723688861355186, 0.8715533781796694, 0.8711415128782392,
           0.8714106380939484, 0.8715600678697228, 0.8709166469052434, 0.870793778449297, 0.8708837162703276,
           0.8717884439975023, 0.8710303390398622, 0.8710842104628682, 0.8707687444984913, 0.8714232044294477,
           0.8711351258680224, 0.8714790381491184, 0.8709633070975542, 0.8710591997951269, 0.8710902482271194,
           0.8707227846607566, 0.8720797756686807, 0.8710082424804568, 0.8712470959872007, 0.8712185192853212,
           0.8710939195007086, 0.8715297440066934, 0.8706000130623579, 0.8706312226131558, 0.8705796003341675,
           0.8707436360418797, 0.8709961464628577, 0.8705477546900511, 0.8715906860306859, 0.8711684169247746,
           0.8713466823101044, 0.8708062442019582, 0.8709867699071765, 0.8708165558055043,
           0.871253116056323]
    accuracy = [0.40265213815789475, 0.4213610197368421, 0.4603207236842105,
                                          0.4901315789473684, 0.5103824013157895, 0.5301192434210527,
                                          0.5448190789473685, 0.5611636513157895, 0.5697985197368421,
                                          0.5916940789473685, 0.598375822368421, 0.6090666118421053, 0.6258223684210527,
                                          0.6235608552631579, 0.6345600328947368, 0.6409333881578947,
                                          0.6378495065789473, 0.6437088815789473, 0.655016447368421, 0.6590254934210527,
                                          0.6644736842105263, 0.6639597039473685, 0.6689967105263158,
                                          0.6669407894736842, 0.676500822368421, 0.6771175986842105, 0.6817434210526315,
                                          0.6872944078947368, 0.6825657894736842, 0.6917146381578947,
                                          0.6915090460526315, 0.688219572368421, 0.6973684210526315, 0.7027138157894737,
                                          0.6996299342105263, 0.697985197368421, 0.7055921052631579, 0.7013774671052632,
                                          0.707750822368421, 0.709703947368421, 0.7081620065789473, 0.7085731907894737,
                                          0.7105263157894737, 0.7159745065789473, 0.7170024671052632,
                                          0.7090871710526315, 0.724609375, 0.7173108552631579, 0.7236842105263158,
                                          0.7249177631578947, 0.7299547697368421, 0.7270764802631579,
                                          0.7289268092105263, 0.7232730263157895, 0.7305715460526315, 0.734375,
                                          0.7346833881578947, 0.7364309210526315, 0.7341694078947368,
                                          0.7415707236842105, 0.7358141447368421, 0.7332442434210527,
                                          0.7404399671052632, 0.7361225328947368, 0.7437294407894737,
                                          0.7457853618421053, 0.73828125, 0.742907072368421, 0.7501027960526315,
                                          0.7484580592105263, 0.7475328947368421, 0.7540090460526315, 0.748046875,
                                          0.747327302631579, 0.7474300986842105, 0.7571957236842105, 0.7549342105263158,
                                          0.7505139802631579, 0.7504111842105263, 0.7522615131578947,
                                          0.7633634868421053, 0.7569901315789473, 0.7574013157894737,
                                          0.7550370065789473, 0.7602796052631579, 0.7630550986842105,
                                          0.7631578947368421, 0.7625411184210527, 0.756578947368421, 0.760485197368421,
                                          0.7619243421052632, 0.7584292763157895, 0.7669613486842105,
                                          0.7589432565789473, 0.7619243421052632, 0.7715871710526315, 0.766858552631579,
                                          0.7709703947368421, 0.772717927631579, 0.7715871710526315, 0.7685032894736842,
                                          0.770250822368421, 0.768297697368421, 0.7734375, 0.7724095394736842,
                                          0.7721011513157895, 0.7760074013157895, 0.7745682565789473, 0.774671052631579,
                                          0.779296875, 0.77734375, 0.7762129934210527, 0.7748766447368421,
                                          0.7795024671052632, 0.7811472039473685, 0.7836143092105263,
                                          0.7808388157894737, 0.7829975328947368, 0.7820723684210527,
                                          0.7783717105263158, 0.785875822368421, 0.7831003289473685, 0.778577302631579,
                                          0.7846422697368421, 0.7835115131578947, 0.7811472039473685,
                                          0.7816611842105263, 0.7868009868421053, 0.7848478618421053, 0.786389802631579,
                                          0.7916324013157895, 0.7864925986842105, 0.7889597039473685,
                                          0.7891652960526315, 0.792249177631579, 0.7882401315789473, 0.784436677631579,
                                          0.7870065789473685, 0.7890625, 0.7881373355263158, 0.7947162828947368,
                                          0.7926603618421053, 0.7947162828947368, 0.794921875, 0.7945106907894737,
                                          0.7939967105263158, 0.789782072368421, 0.798828125, 0.7927631578947368,
                                          0.799547697368421, 0.7908100328947368, 0.7954358552631579, 0.7881373355263158,
                                          0.7921463815789473, 0.7984169407894737, 0.7898848684210527,
                                          0.7985197368421053, 0.7945106907894737, 0.8019120065789473, 0.801500822368421,
                                          0.7931743421052632, 0.801500822368421, 0.7982113486842105, 0.8024259868421053,
                                          0.8038651315789473, 0.8026315789473685, 0.8042763157894737,
                                          0.8074629934210527, 0.8019120065789473, 0.8077713815789473,
                                          0.8018092105263158, 0.8033511513157895, 0.80078125, 0.8019120065789473,
                                          0.8013980263157895, 0.8006784539473685, 0.8029399671052632,
                                          0.8026315789473685, 0.805921052631579, 0.8102384868421053, 0.8021175986842105,
                                          0.8080797697368421, 0.8003700657894737, 0.807874177631579, 0.8060238486842105,
                                          0.8061266447368421, 0.8047902960526315, 0.8091077302631579,
                                          0.8107524671052632, 0.8097245065789473, 0.807874177631579, 0.8108552631578947,
                                          0.8057154605263158, 0.8064350328947368, 0.8138363486842105, 0.8125,
                                          0.810546875, 0.8108552631578947, 0.8091077302631579, 0.8138363486842105,
                                          0.8096217105263158, 0.8102384868421053, 0.810546875, 0.8060238486842105,
                                          0.8126027960526315, 0.8119860197368421, 0.8103412828947368, 0.815686677631579,
                                          0.8125, 0.8108552631578947, 0.8114720394736842, 0.8174342105263158,
                                          0.8139391447368421, 0.8101356907894737, 0.8167146381578947,
                                          0.8106496710526315, 0.8191817434210527, 0.8104440789473685,
                                          0.8123972039473685, 0.8194901315789473, 0.8148643092105263,
                                          0.8160978618421053, 0.8166118421052632, 0.8196957236842105, 0.813733552631579,
                                          0.8179481907894737, 0.8125, 0.8146587171052632, 0.8160978618421053,
                                          0.822985197368421, 0.8166118421052632, 0.8231907894736842, 0.821032072368421,
                                          0.8135279605263158, 0.8202097039473685, 0.8182565789473685, 0.819078947368421,
                                          0.8250411184210527, 0.8202097039473685, 0.8211348684210527,
                                          0.8166118421052632, 0.8263774671052632, 0.822265625, 0.8243215460526315,
                                          0.8213404605263158, 0.8220600328947368, 0.8219572368421053,
                                          0.8172286184210527, 0.8233963815789473, 0.8258634868421053,
                                          0.8233963815789473, 0.8214432565789473, 0.8269942434210527,
                                          0.8270970394736842, 0.8263774671052632, 0.8236019736842105,
                                          0.8163034539473685, 0.8226768092105263, 0.8247327302631579,
                                          0.8277138157894737, 0.8204152960526315, 0.8244243421052632,
                                          0.8267886513157895, 0.8230879934210527, 0.8246299342105263,
                                          0.8260690789473685, 0.8266858552631579, 0.8267886513157895,
                                          0.8228824013157895, 0.8221628289473685, 0.826891447368421, 0.8270970394736842,
                                          0.8252467105263158, 0.8297697368421053, 0.8244243421052632, 0.829358552631579,
                                          0.828125, 0.8253495065789473, 0.8301809210526315, 0.8295641447368421,
                                          0.8267886513157895, 0.8275082236842105, 0.8306949013157895,
                                          0.8330592105263158, 0.832750822368421, 0.8315172697368421, 0.8348067434210527,
                                          0.8296669407894737, 0.8331620065789473, 0.8302837171052632,
                                          0.8315172697368421, 0.8329564144736842, 0.8311060855263158,
                                          0.8323396381578947, 0.8348067434210527, 0.8351151315789473,
                                          0.8298725328947368, 0.8334703947368421, 0.8350123355263158, 0.830078125,
                                          0.8275082236842105, 0.8319284539473685, 0.829358552631579, 0.8336759868421053,
                                          0.828125, 0.833264802631579, 0.8358347039473685, 0.8276110197368421,
                                          0.8310032894736842, 0.8377878289473685, 0.8358347039473685,
                                          0.8325452302631579, 0.8257606907894737, 0.833264802631579, 0.8322368421052632,
                                          0.8348067434210527, 0.8343955592105263, 0.834703947368421, 0.8328536184210527,
                                          0.8315172697368421, 0.8406661184210527, 0.8357319078947368,
                                          0.8394325657894737, 0.831311677631579, 0.837890625, 0.8372738486842105,
                                          0.8372738486842105, 0.8360402960526315, 0.8373766447368421, 0.835217927631579,
                                          0.8377878289473685, 0.8360402960526315, 0.8354235197368421,
                                          0.8367598684210527, 0.838610197368421, 0.8392269736842105, 0.8369654605263158,
                                          0.8399465460526315, 0.8399465460526315, 0.837890625, 0.8348067434210527,
                                          0.8372738486842105, 0.8413856907894737, 0.8379934210526315,
                                          0.8358347039473685, 0.8394325657894737, 0.842516447368421, 0.8360402960526315,
                                          0.8363486842105263, 0.8388157894736842, 0.8384046052631579, 0.835217927631579,
                                          0.8355263157894737, 0.8379934210526315, 0.8369654605263158,
                                          0.8380962171052632, 0.8426192434210527, 0.838610197368421, 0.8395353618421053,
                                          0.8364514802631579, 0.8364514802631579, 0.8440583881578947,
                                          0.8373766447368421, 0.8396381578947368, 0.834703947368421, 0.8406661184210527,
                                          0.837890625, 0.8436472039473685, 0.8431332236842105, 0.8426192434210527,
                                          0.8408717105263158, 0.8445723684210527, 0.8453947368421053,
                                          0.8402549342105263, 0.8416940789473685, 0.8399465460526315,
                                          0.8367598684210527, 0.8399465460526315, 0.844983552631579, 0.8411800986842105,
                                          0.8414884868421053, 0.8441611842105263, 0.838610197368421, 0.8433388157894737,
                                          0.8436472039473685, 0.8439555921052632, 0.8441611842105263,
                                          0.8413856907894737, 0.8428248355263158, 0.8434416118421053, 0.840563322368421,
                                          0.8387129934210527, 0.8461143092105263, 0.846936677631579, 0.8396381578947368,
                                          0.8456003289473685, 0.8450863486842105, 0.8453947368421053,
                                          0.8505345394736842, 0.8501233552631579, 0.8431332236842105,
                                          0.8418996710526315, 0.8474506578947368, 0.8473478618421053, 0.846422697368421,
                                          0.8471422697368421, 0.850842927631579, 0.8459087171052632, 0.8470394736842105,
                                          0.8462171052631579, 0.8448807565789473, 0.845703125, 0.844983552631579,
                                          0.8489925986842105, 0.8478618421052632, 0.8471422697368421,
                                          0.8453947368421053, 0.8489925986842105, 0.8478618421052632,
                                          0.8438527960526315, 0.8477590460526315, 0.8445723684210527,
                                          0.8407689144736842, 0.8468338815789473, 0.8474506578947368, 0.844469572368421,
                                          0.848375822368421, 0.8441611842105263, 0.8415912828947368, 0.8451891447368421,
                                          0.850328947368421, 0.8491981907894737, 0.8480674342105263, 0.8500205592105263,
                                          0.8452919407894737, 0.8471422697368421, 0.8448807565789473,
                                          0.8456003289473685, 0.8479646381578947, 0.845703125, 0.8456003289473685,
                                          0.8450863486842105, 0.8486842105263158, 0.850842927631579, 0.8451891447368421,
                                          0.8502261513157895, 0.8452919407894737, 0.8530016447368421,
                                          0.8517680921052632, 0.8471422697368421, 0.8422080592105263,
                                          0.8466282894736842, 0.8431332236842105, 0.8453947368421053,
                                          0.8493009868421053, 0.8494037828947368, 0.8499177631578947,
                                          0.8493009868421053, 0.8539268092105263, 0.8473478618421053,
                                          0.8510485197368421, 0.8479646381578947, 0.8446751644736842,
                                          0.8482730263157895, 0.8490953947368421, 0.8513569078947368,
                                          0.8530016447368421, 0.8473478618421053, 0.849609375, 0.8484786184210527,
                                          0.8479646381578947, 0.8515625, 0.8451891447368421, 0.8468338815789473,
                                          0.853515625, 0.8517680921052632, 0.8479646381578947, 0.8510485197368421,
                                          0.8490953947368421, 0.8482730263157895, 0.8564967105263158,
                                          0.8516652960526315, 0.8493009868421053, 0.8454975328947368,
                                          0.8479646381578947, 0.8540296052631579, 0.8481702302631579,
                                          0.8512541118421053, 0.8497121710526315, 0.8498149671052632,
                                          0.8491981907894737, 0.8507401315789473, 0.8539268092105263,
                                          0.8512541118421053, 0.8486842105263158, 0.8519736842105263,
                                          0.8519736842105263, 0.8500205592105263, 0.848889802631579, 0.8484786184210527]
